1704
827
526
521
1416
1885
1276
1982
504
1447
2005
1045
2840
2861
2770
2384
3147
3871
3501
3450
3436
2975
2055
2798
3463
1997
3343
2486
2375
3199
2634
2505
1059
1710
2582
652
1867
1916
3650
3384
3883
3960
1780
2556
1738
2907
2812
3309
3474
3976
1665
2117
3928
1482
4244
3887
3302
2664
3193
1719
3948
4126
4161
1864
3134
918
4280
3956
2630
3733
3932
2507
2684
3696
4075
3966
3373
5354
4804
4135
4057
3773
4428
3580
4283
3577
2895
3985
3004
4066
3413
2399
2710
2892
2066
2993
3942
3340
3026
2242
3493
4214
5152
5885
8264
6834
5293
4597
5464
4125
4140
4057
3218
2580
2948
2670
3668
3724
3496
1916
1944
1528
3031
4251
4753
4465
4254
4029
3526
4266
4707
3077
2583
2373
3481
1888
3076
2769
3279
3179
3060
4304
1937
3699
3961
3633
3330
2973
2849
2995
3355
3617
3359
1608
3594
2850
2871
2465
2796
3268
3285
3026
5136
2654
3691
3783
3318
3665
3428
2951
2356
1063
3661
3613
3663
3663
2567
2971
3575
2985
3150
2188
756
1260
1659
3079
3133
3410
3580
3288
1584
621
2838
3184
2879
3079
2925
2444
2291
3465
4029
3966
2869
1246
544
1899
3041
2616
2520
651
2021
1639
1702
2648
