78.1
55
39.9
44.1
42.1
45
57
46.9
43
48.9
62.1
57
57
62.1
64
66
73.9
81
71.1
68
71.1
78.1
70
68
66.9
60.1
62.1
57.9
57
64
50
59
54
51.1
57
53.1
57.9
64.9
72
62.1
73.9
79
64.9
71.6
57.2
66.2
64.4
68
71.1
75
66
69.1
77
73
87.1
89.1
86
90
86
79
84.9
82
75.9
70
82.9
70
82
84
66
71.1
75.9
87.1
82
73.9
79
84
72
75.9
86
87.1
82
86
84
81
82.9
84.9
86
82.9
75
82
84
78.1
75
77
82.9
86
91
88
84.9
72
79
80.1
82.4
82.9
87.1
87.1
89.1
89.1
91.9
82.9
82.9
89.1
93.9
96.1
93
93
89.1
90
95
82.9
82.9
77
78.1
77
78.1
80.1
82
84.9
88
86
86
86
91
93
96.1
93.9
91
87.1
84.9
84
87.1
82.9
84.9
77
80.1
87.8
86
89.6
88
87.1
90
84
88
78.1
80.1
73.9
79
82.9
79
82.9
88
90
90
82
78.1
82
90
73
73
75.9
81
72
82
84
86
86
71.1
69.1
71.1
73.9
68
64
59
62.1
63
71.1
68
66
73
73.9
68
57.9
63
63
64
66.9
61
64.9
69.1
80.1
81
84
70
69.1
50
61
61
51.1
50
54
46.9
63
75
54
