66
48.9
34
33.1
26.1
30
53.1
44.1
37.9
30.9
46
45
39.9
44.6
44.1
45
46
52
63
50
50
63
61
48
54
46.9
46.9
48
46.9
48
45
46
51.1
48.9
46.9
48
48.9
50
55
51.1
53.1
57.9
60.1
60.8
50
46.4
55.4
53.6
57
55
55
53.1
57.9
59
64
71.1
75
72
73
68
72
71.1
63
64
66.9
64.9
66.9
71.1
52
54
57
63
66.9
57.9
59
64.9
66
66
64
68
66.9
72
69.1
69.1
70
66.9
69.1
69.1
69.1
68
68
70
64.9
66.9
68
71.1
77
78.1
72
66
66.9
66
69.8
73
75
80.1
77
75.9
73
73.9
70
72
75
81
77
73.9
72
77
78.1
69.1
73
73.9
70
70
66.9
68
69.1
75
71.1
72
73
77
80.1
75.9
82
78.1
77
78.1
77
72
75
70
75
69.1
64
68
71.6
77
75.2
73
73.9
70
75
70
66
68
64.9
66
72
72
71.1
81
75
75
62.1
64.9
69.1
62.1
62.1
60.1
71.1
69.1
69.1
69.1
64.9
64
57.9
54
55
64
60.1
60.1
57
57
57
61
60.1
54
55.9
57
59
51.1
46.9
46.9
53.1
55
48
46
54
63
66.9
69.1
62.1
66
46.9
46
51.1
46
37.9
41
44.1
39
57.9
44
