3126
1646
1232
1067
2617
3329
2581
3455
997
2387
3791
2178
5395
5309
5072
4316
4969
6823
6951
6574
6452
4907
3276
4650
5978
3520
5606
4152
4178
4952
1525
4149
1986
2905
4196
1453
3157
2927
6591
6283
7216
7103
3072
4042
2971
5254
5230
5812
6214
6994
2864
3729
6843
3019
7869
7037
5670
3998
4154
2750
7016
7565
7229
3708
4840
1593
7542
7319
5266
6933
6697
4086
4475
6952
7751
7559
5196
6589
5077
4622
7049
6851
7495
6204
6660
4835
4767
6571
4813
7142
7046
4084
4017
3699
3274
4827
6608
5295
4927
3465
4736
7230
7745
6926
5641
5236
3663
4460
5089
6965
7315
6887
5178
3315
3615
3707
6187
6610
5817
3176
3016
1887
4879
6956
7297
6935
6072
3668
4430
6362
7113
4893
5088
4134
3134
5114
7339
5326
5942
5658
4700
7005
4866
4973
4115
3087
2959
5296
5401
5904
5748
5340
4212
3012
6657
7357
6949
6248
5121
4216
4470
6060
7072
6433
3445
9152
6787
7598
5143
5210
4066
2260
7044
7411
7532
6702
4693
5013
7159
5942
6225
4728
1542
2440
3157
5729
6160
6906
6957
6209
2757
1173
5205
6201
6040
6171
5477
4323
4057
6719
7594
7447
5588
2566
1254
3271
5470
5224
4909
1558
3872
3160
2971
4876
