0.01
0.15
0.09
0.47
0
0
0.09
0.01
0.09
0
0.01
0.2
0
0
0
0
0
0
0
0
0
0.16
0
0
0.24
0
0
0.05
0
0.16
0.04
0.61
0.01
0
0.54
0
0.16
0
0
0
0
0.25
0
0
0
0
0
0
0
0.04
0.09
0.02
0.18
0
0
0
0
0
1.65
0
0
0
0.04
0.4
0.91
0
0
0.45
0
0
0
0
0
0
0
0.22
0
0
0
0
0
0
0
0
0
0
0.45
0.12
0.01
0
0.83
0
0
0.49
0.66
0
0.04
0.08
0.53
0
0
0
0
0.62
0
0
0
0.35
0
0
0
0
0
0
1
0
0
0
1.09
0.25
1.08
0
0
0
0
0
0.05
0
0
0
0.09
0.15
0.32
0
0.06
0
0.11
0.01
0.03
0.01
0.82
0.31
0
0
0
0
0
0
0
0
0
0
0
0
0
0
0
0
0
0
0.22
0
0
0
0
0.56
0
0
0
0
0.68
0
0
0
0.01
0.2
0
0
0.22
0
0
0.4
0
0
0
0
0
0
0
0.23
0.55
0
0
0
0
0
0
0
0
0
0
0
1.11
0.29
0
0
0
0
1.41
0
0
0.56
0
