2552
1884
1306
1307
2357
2849
2457
3194
1502
2160
3182
2082
4192
4115
3912
4051
4197
4964
5032
4928
4813
3862
3239
3957
4564
2929
4388
3657
3348
3606
1408
3575
1741
2693
3619
1612
2749
2463
4951
4796
5327
5735
3121
3951
2696
4016
4344
4603
4763
5221
2928
2956
5135
2392
5906
5451
4592
3895
3635
2689
5556
5823
5833
3189
4193
1805
5654
5447
4094
5017
5079
3661
3855
5108
5600
5840
3633
5179
4309
4000
5334
4969
5680
5066
5572
4618
4050
5315
4410
5994
5907
4254
3973
3388
2998
4310
5807
5118
4740
3478
3938
5880
6392
6204
5084
5347
4010
4067
4895
6217
6382
6056
5115
3881
3495
3971
5606
5878
5404
3413
3529
2127
4460
5927
6295
6246
5765
4045
4026
5615
6223
4934
5044
4341
3721
2790
4958
5066
5606
5487
5265
4483
3048
5515
6072
6112
5787
5007
4215
3805
5289
5927
5853
3498
5376
3961
3275
3583
4441
5486
5782
5030
4303
3736
5768
6315
5819
6261
5880
4813
3482
2505
5961
6295
6098
5074
3827
3763
5283
4369
4883
3828
1906
2394
2831
4446
4734
5097
5160
4826
2838
1439
3763
4334
4367
4379
4015
3418
3007
4662
5098
5625
4857
2772
1517
2707
4030
4054
3870
1902
3202
2920
2547
3720
