11497
6922
4759
4335
9471
11919
9596
12744
4510
9126
13312
8067
18422
18315
17570
16375
18180
23090
23318
22591
22127
17837
13426
16740
20850
13005
19914
15631
14954
17432
7629
15093
7400
11105
15368
5839
11562
11254
22578
21798
24657
25131
12202
16028
10891
18138
18605
20463
21936
23967
11435
13435
23675
11153
26978
24606
20618
15884
15900
10917
24477
26542
25987
13722
18218
6789
25965
25249
18315
23596
23785
15886
16527
23669
26368
26402
18386
25228
20534
18096
24737
24601
26391
22510
24440
19471
17546
23428
18627
25796
24740
16093
15970
14783
12004
18286
24492
20802
18982
14352
17662
25925
28437
27579
25999
24261
17844
18117
22028
25855
26588
25284
20376
14540
14575
15323
22981
24227
21988
13190
12551
8341
18780
25523
26950
26263
23591
16914
17346
24140
26553
19545
19136
16349
14562
13354
21886
20105
22437
21735
19892
21194
13771
22053
22914
21227
19800
19967
18168
17673
21780
23308
21396
12553
22743
19283
17895
17200
18429
20958
21544
20850
22055
18249
21134
28222
23906
26232
22180
19701
15079
8951
24705
25771
25763
23543
16761
17647
24023
20359
21621
16393
6626
9684
11562
20172
21570
23433
24594
21947
11054
5278
17860
20946
20475
20773
19021
15535
14356
22577
25482
25620
20403
10142
5423
11897
18898
17654
16948
6248
13366
11746
10751
16684
