4115
2565
1695
1440
3081
3856
3282
4113
1507
3132
4334
2762
5995
6030
5816
5624
5867
7432
7834
7639
7426
6093
4856
5335
6845
4559
6577
5336
5053
5675
2062
4864
2614
3797
4971
2122
3789
3948
7386
7335
8231
8333
4229
5479
3486
5961
6219
6739
7485
7776
3978
4633
7769
4260
8959
8231
7054
5327
4918
3759
7957
9028
8764
4961
6051
2473
8489
8527
6325
7913
8077
5632
5513
7913
8942
9037
6184
8106
6344
5339
8297
9008
8788
7660
7925
6441
5834
7557
6400
8594
8374
5356
5270
4804
3666
6156
8135
7049
6289
5167
5495
8601
9148
8564
7010
6844
4878
4993
6580
8548
8751
8284
6865
4764
4517
4975
7520
8015
7271
4685
4062
2799
6410
8389
8605
8617
7500
5172
5364
7897
8510
6641
6421
5501
4226
3562
6513
6944
7610
7411
6867
5402
3920
7866
8766
8395
7724
6691
5703
4969
7388
8424
7972
4435
7116
5115
4800
4904
6071
7988
8007
6734
5544
5426
8230
8972
7982
8708
7729
6727
5175
3123
8039
8452
8470
8104
5674
5900
8006
7063
7363
5649
2422
3590
3915
6918
7543
8020
8897
7624
3875
2045
6054
7227
7189
7144
6604
5350
5001
7731
8761
8582
7089
3558
2108
4020
6357
5760
5649
2137
4271
4027
3531
5440
